2114	1466874
2164	974417
2038	1113208
2615	1360766
2499	1452654
2538	1846066
2167	1275541
2224	1211496
2374	1524559
2127	1315492
2240	1763296
2330	1095803
2341	1474710
2156	1252296
2303	1278316
2815	1866180
2717	1691670
2352	1415288
2551	1644232
2647	1659280
2672	1501320
2455	1662930
2532	1420452
2645	1449929
2679	1614573
2634	1610922
2791	1907912
2482	1518597
2639	2000941
2319	1682548
2282	1173302
2450	1574275
2880	1928850
2740	2113091
2769	1771998
2453	1222750
2880	1742196
2607	1613984
2708	1880442
2293	1417221
2579	1289116
2669	1483561
2693	1642250
2482	1605626
2449	1835102
2502	1718117
2415	1784695
2434	1541461
2375	1300776
2224	1480398
2000	985560
2260	1399684
2618	1858682
2086	1411306
2577	1962757
2222	1382987
2272	1317924
2593	1894489
1943	1380619
2146	1258445
2253	1393567
2465	1343844
2305	1498989
2138	1480675
2292	1271234
2267	1417615
2370	1361506
2534	1928532
2630	1679352
2384	1154482
2594	1664574
2426	1674998
2260	1465323
2529	1766579
2386	1313100
2656	1575944
2471	1629843
2449	1642806
2190	1356108
2661	1641572
2460	1701279
2296	1534165
2351	1642448
2639	1472158
2556	1302077
2709	1603295
2589	1751679
2705	1693991
2419	1447397
2575	1364760
2571	1437795
2697	1571601
2431	1365074
2842	1923992
2347	1545550
2353	1479422
2616	1427322
2259	1893753
2110	1273284
2386	1088558
2240	1399826
2154	1319628
2337	1476286
2142	1298285
1988	1268466
2529	1866204
2043	1538787
2278	1223363
2173	1728595
2398	1487344
2622	1962216
2139	1319659
2515	1438682
2340	1420893
2150	1351173
2300	1301841
2176	1218386
2398	1250413
2095	1171161
2202	1208227
2213	1518075
2429	1561115
2231	1439662
2563	1175225
2254	1390380
2635	1680650
2572	1433198
2496	1666726
2488	1531629
2517	1542502
2692	1561173
2260	1350772
2636	1854194
2320	1779075
2323	1426603
2685	1429118
2379	1545903
2309	1139778
2760	1533272
2413	1631416
2667	1860655
2293	1322917
2404	1398904
2288	1137021
2404	1466093
2837	1468521
2399	1536113
2618	1420114
2554	1539598
2662	1537732
2331	1220446
2607	1736551
2334	1603789
2338	1286155
2412	1371995
2305	1557309
2276	1369736
2258	1075667
2256	1458974
2315	1455591
2249	1721380
2380	1332290
2349	1330749
2236	1047614
2291	1318052
2280	1046673
2138	1335690
2506	1623835
2000	1423982
1982	1158370
2240	1470046
2145	1212300
2514	1174613
2339	1517435
2315	1263109
2623	1330458
2587	1709040
2783	1732344
2394	1556414
2444	1566715
2406	1458861
2453	1616693
2645	1526813
2463	1396992
2276	1278034
2380	1353456
2329	1129737
2332	1404267
2572	1318079
2513	1249028
2102	1231776
2658	1913340
2379	1455931
2362	1548372
2506	1551200
2512	1515904
2461	1423532
2410	1473815
2589	1684494
2255	1332589
2750	1485763
2586	1563963
2607	1675430
2875	2084446
2298	1939054
2427	1434585
2384	1313902
2338	1678276
2536	1656239
2195	1483010
2343	1411197
1972	1352713
2405	1427878
2233	1091726
2449	1291639
2293	1338940
2452	1662851
2187	1633071
2488	1481936
1938	1341760
2454	1567087
1757	1088352
2225	1237278
2174	1197492
2195	1590343
2379	1357783
2254	1554749
2122	1100527
2469	1700018
2122	1108205
1971	1050624
2360	1641952
2493	1643466
2677	1476939
2351	1502102
2618	1403699
2778	1663458
2564	1737261
2686	1727809
2790	1716244
2452	1461010
2389	1944999
2453	1728052
2574	1435262
2896	2083088
2496	1702047
2525	1391951
2179	1337388
2623	1851519
2700	1321828
2560	1424184
2445	1404966
2542	1487992
2858	1528807
2735	1850158
2619	1445913
2530	1739675
2565	1097290
2621	1778712
2257	1340783
2165	1267459
2339	1672893
2160	1595426
2316	1704356
2300	1235350
2393	1601645
2312	1199753
2323	1526610
2169	1368559
2100	1328432
2075	1359793
2365	1168489
2260	1268895
2429	1316922
2383	1451602
2604	1812254
2277	1190220
2291	1516106
2074	1165679
2226	1344609
2342	1283096
2461	1766528
2292	1450872
2312	1108314
2717	1817635
2284	1332183
2531	1628074
2648	1466022
2590	1472274
2541	1415458
2253	1417833
2827	1813493
2331	1483085
2386	1458450
2617	1770814
2837	1779707
2667	1637418
2416	1534100
2399	1621996
2250	1282584
2444	1704370
2261	1075636
2506	1814501
2673	1450555
2193	1301423
2396	1599054
2497	1471987
2756	1793979
2171	1090898
2217	1347910
2533	1398770
2614	1687210
2339	1253882
2344	1122420
2041	1184096
2412	1326478
2347	1301764
2059	1326512
2512	1681579
2313	1590374
2402	1431535
2156	1166965
2241	1444043
2208	1257414
2219	1409439
2278	1346299
2407	1398607
2304	1551733
2483	1363310
2073	1376362
2222	1457660
2307	1567459
2388	1409405
2231	1417683
2508	1711273
2582	2139984
2079	1120963
2293	1245014
2452	1483786
2569	1623004
2250	1233761
2334	1532450
2560	1575294
2320	1575721
2419	1530778
2317	1629874
2120	1651289
2445	1646496
2606	1758991
2534	1424492
2186	1081555
2559	1694615
2606	2054247
2840	1554743
2543	1494104
2604	1459857
2235	1340201
2707	1559996
2496	1713537
2579	1713221
2504	1845464
2493	1576601
2729	1897113
2510	1556990
2424	1642522
2351	1435188
2503	1631358
2358	1360918
2540	1896319
2101	962669
2078	923404
2163	1250070
2178	1295662
2312	1501813
2363	1585377
2505	1784194
2351	1379455
2371	1445995
2410	1340290
2147	1184538
2079	1329574
2364	1902313
2208	1588588
2177	1178260
2234	1377506
2284	1165999
2253	1647352
2422	1595756
2677	1478634
2370	1617002
2608	1447223
2611	1288835
2297	1163622
2323	1260853
2409	1368293
2754	1866901
2521	1803772
2564	1845106
2502	1371991
2586	1660781
2570	1661825
2370	1296813
2079	1391076
2670	1458331
2332	1476245
2664	1793612
2669	1761724
2423	1549681
2389	1298996
2737	1596259
2552	1396937
2543	1276984
2815	1705339
2554	1339035
2608	1393227
2423	1656651
2598	1449421
2436	1561864
2409	1641402
2301	1233359
2487	1630524
2055	1213960
2370	1417307
2327	1313027
2082	1520374
2201	1496342
2153	1265765
2189	1479707
2465	1424481
2167	1318951
2678	1601883
2375	1671754
2261	1407320
2413	1569837
2064	1216942
2451	1493411
2249	1558335
2337	1483283
2277	1359279
2146	1406153
2285	1645463
2538	1623282
2202	1410187
2758	1531245
2265	1404854
2500	1421210
2568	1592466
2262	1426982
1996	1234747
2366	1412822
2384	1442376
2356	1824042
2627	1475789
2479	1568010
2764	1447088
2607	1286388
2413	1477763
2702	1638536
2360	1298330
2127	1208817
2470	1569219
2682	1510295
2627	1374946
2342	1721500
2520	1861644
2489	1782880
2593	1720179
2571	1437908
2382	1379309
2683	1809676
2500	1763735
2321	1703161
2603	1678141
2414	1528402
2349	1700735
2490	1644617
1960	1057443
2283	1508309
2199	1118195
2176	1401928
2346	1110029
2218	1031149
2192	1118859
2171	1257955
2095	1399244
2126	1608114
2373	1578232
2306	1568492
2270	1533133
2070	1474745
2229	1629119
2488	1491883
2115	1491148
2113	1328267
2290	1544021
2168	1481882
2113	1101934
2171	1174556
2361	1406084
2540	1695768
2451	1572488
2447	1184782
2314	1294103
2360	1318896
2525	1472948
2143	1241313
2376	1359545
2261	1111799
2287	1335738
2257	1139028
2655	1668195
2386	1669360
2546	1565412
2573	1787949
2365	1562559
2470	1504547
2519	1340529
2584	1501909
2413	1427286
2378	1618117
2344	1180077
2514	1694070
2488	1421789
2556	1556264
2119	1331215
2548	2025799
2512	1581900
2490	1699199
2337	1322921
2379	1481322
2547	1782441
2095	1208844
2388	1615941
2216	1282937
2142	1208837
1971	1374605
2345	1517171
2122	1303198
2452	1469549
1941	1055396
2272	1480485
2430	1437357
2445	1598893
2495	1373608
2099	1425719
2411	1477195
2631	1659629
2191	1297156
2352	1736159
2152	1407272
2125	1073934
2316	1343298
2251	1101684
2258	1284124
2313	1738704
2496	1208857
2377	1642128
2325	1554836
2220	1355936
2247	1476808
2149	1531233
2282	1320756
2255	1656224
2122	978134
2293	1388384
2548	1637140
2441	1565827
2358	1394001
2356	1021492
2561	1665415
2361	1520393
2319	1404019
2413	1425945
2828	1605887
2929	2043207
2134	1183951
2580	1726861
2309	1717147
2842	1743126
2629	1869966
2449	1494870
2454	1165603
2529	1656726
2273	1596079
2508	1552099
2289	1292138
2611	1460005
2243	1211933
2310	1276527
2048	1410909
2180	1368356
2221	1391962
2397	1595382
2349	1360419
2527	1516302
2396	1604882
2471	1305555
2368	1372903
2347	1289540
2300	1334016
2371	1639096
1960	996577
2258	1343499
2427	1214540
2294	1719559
2183	1276083
2288	1293528
2388	1542818
2517	1331204
2403	1537406
2519	1785852
2518	1431055
2696	1849628
2433	1651410
2866	1757378
2236	1274305
2401	1133819
2459	1305719
2688	1968243
2434	1536748
2603	1479621
2424	1190814
2569	1683900
2349	1242496
2584	1478282
2525	1793742
2810	1644952
2729	1917827
2127	1208752
2690	1990389
2425	1487960
2313	1141826
2791	1570423
2691	1619379
2463	1549829
2327	1229571
2551	1503115
2679	1831471
2068	1309498
2212	1519159
2345	1489807
2120	1298160
2092	1307404
2174	1398172
2248	1565915
2333	1365641
2009	1331989
2190	1071391
2193	1341826
2261	1359839
2501	1617080
2357	1580884
2322	1483068
2441	1395664
2219	1327683
2336	1386662
2493	1516040
2176	1277193
2324	1634090
1974	1226994
2379	1549368
2528	1464385
2204	1419978
2288	1302493
2318	1365507
2422	1461441
2598	1632264
2441	1503346
2418	1208081
2077	1353131
2385	1661313
2484	1500333
2294	1439410
2533	1510232
2416	1290933
2673	1459665
2281	1247389
2729	1276205
2527	1617579
2318	1462911
2206	1682046
2307	1365688
2546	1546013
2580	1273019
2561	1728075
2509	1745953
2363	1655121
2271	1230680
2354	1555034
2259	1341038
2603	1363153
2426	1191988
2371	1471624
2472	1690194
1844	979214
2463	1550180
2302	1516563
2109	1364750
2188	1615601
2146	1292976
2522	1370671
2483	1516684
2271	1622849
2337	1312145
2378	1556348
2310	1516015
2395	1499598
2198	1307319
2487	1907916
2071	1321623
2190	1168510
2260	837587
2302	1376890
2449	1491229
2131	1702064
2297	1308575
2405	1199530
2487	1490953
2361	1757471
2338	1678397
2376	1547479
2409	1732454
2361	1521170
2096	1308146
2260	1625380
2310	1654775
2253	1327432
2474	1651278
2110	1443898
2438	1507369
2405	1180043
2469	1813256
2291	1342985
2528	1746781
2812	1791021
2472	1727486
2402	1534500
2570	1657097
2243	1502499
2685	1834419
2527	1658879
2634	1535179
2451	1626266
2542	1546193
2415	1609340
2524	1697274
2361	1434929
2504	1281973
2032	1421971
1991	1295683
2149	1580848
2058	1279775
2348	1423593
2263	1169058
2309	1300955
2180	1159695
2159	1483512
2293	1410865
2423	1602665
2462	1612216
2136	1303902
2186	1751823
2228	1529460
2200	1680793
2085	1496269
2279	1414975
2147	1537139
2045	1433003
2550	1593570
2076	1107522
2078	1157447
2362	1610425
2169	1394663
2472	1352237
2517	1385273
2552	1515259
2619	1485487
2319	1404097
2410	1461001
2455	1453938
2793	1696372
2446	1814511
2545	1775021
2455	1705746
2622	1668313
2419	1408379
2440	1857781
2435	1808356
2330	1523670
2356	1331018
2434	1583932
2126	1240393
2384	1438269
2318	1513331
2429	1769732
2548	1399825
2606	1865661
2586	1521466
2590	1189292
2486	1806895
2275	1386645
1977	1070737
2081	1260887
2049	1275630
2421	1306794
2239	1215382
2224	1385269
2497	1497125
2369	1371048
2635	2189921
2348	1187294
2536	1893896
2214	1148922
2325	1329857
2399	1425959
2294	1470535
2178	1505166
1918	1151209
2134	1433924
2353	1353125
2369	1597245
2306	1749821
2497	1776254
2261	1214920
2564	1510129
2365	1436001
2822	1588595
2485	1747196
2584	1542465
2526	1450681
2301	1283277
2463	1525155
2417	1741452
2242	1564656
2177	1366268
2223	1407296
2294	1614522
2393	1732572
2362	1360451
2452	1390214
2248	1397335
2464	1878576
2162	1310332
2216	1289245
2332	1509123
2690	1506830
2478	1670685
2281	1535159
2630	1716728
2616	1604109
2314	1536973
2287	1761535
958	709314
964	712822
942	508562
985	755377
720	468366
1162	436272
1062	746116
878	328974
1211	596570
1021	391717
707	484871
1117	702905
946	774245
1130	883435
975	706947
960	793793
1176	791770
704	421712
1166	573169
1007	690162
915	621942
986	367958
1260	839706
1115	816623
963	773217
1081	354688
1133	555699
887	558950
1148	762529
785	506714
1138	711858
884	434217
1046	705486
1055	689221
983	639074
1225	954863
825	467242
877	369700
884	780288
1126	651448
880	519065
1060	796326
921	529656
1027	445178
952	731593
1020	768679
870	668311
1092	820639
1146	700864
795	497526
960	422888
895	321960
923	397042
1070	505710
1122	578998
959	410704
1327	819478
1034	649687
915	559632
1082	781281
1246	897092
886	577238
879	606331
884	648738
1016	589544
1130	844333
1149	688214
808	693139
1152	770538
940	728910
965	815913
965	683158
1279	912654
1097	431188
931	468457
968	857699
677	224496
1013	793987
1208	729055
913	554023
741	551643
1239	689155
883	464281
945	553492
830	453933
1034	696811
906	542288
989	740763
948	739631
960	449468
715	318253
1026	641393
989	452873
1149	762630
1045	772314
1269	990622
1215	849626
1242	734470
1121	668182
1086	612318
932	563264
1013	836707
785	482267
799	354091
1100	669958
1106	901315
905	573905
1252	496191
944	712024
1205	737518
1039	620658
1064	527500
1018	700605
1011	548969
1048	739325
961	547441
1037	443944
1032	682913
1021	541875
906	684953
959	700638
1047	716811
1022	461435
930	485491
828	320420
966	482057
1086	719262
1396	1106636
906	540070
1004	754255
1079	714542
1052	542939
977	535657
1150	404190
1018	838126
1017	610337
751	512689
1037	599482
1243	645546
896	450766
1088	904648
1051	928197
1216	770266
1159	656253
996	656901
1011	893683
1008	539109
1326	660409
885	512373
809	791759
990	402460
1301	970148
1051	591050
844	488405
1055	694144
1066	483587
1161	572791
935	493930
1243	730713
1045	762231
1045	796435
1057	564465
1107	420378
1177	846682
1076	808266
1129	631409
996	688548
897	704347
809	443483
973	594543
1012	643479
884	444311
876	478718
830	629825
961	483965
1123	581452
1115	734895
932	486129
740	554695
1037	541084
1086	608530
864	605903
854	521227
988	626793
643	296674
1311	1146699
893	646975
1066	675507
1101	519514
975	515370
983	379785
706	303796
1228	745394
1102	657135
837	487463
1162	807086
895	810883
1170	546070
1099	629839
981	648325
1027	667558
1046	721485
978	539449
792	546674
890	735540
929	558070
803	382497
884	672015
821	466477
1008	476196
982	612132
1298	947126
930	651763
1028	703037
1159	577658
1028	354173
1024	773474
974	701308
1007	694500
931	748096
972	683874
1081	719828
1007	567786
1022	721908
977	756528
947	643904
832	455976
1151	792209
698	390852
1147	836703
888	569913
928	446494
968	669914
995	662902
1079	688349
934	633264
865	445635
805	417335
947	605919
949	505039
782	465708
901	506667
1010	394122
1207	823431
923	790973
979	649417
1015	966258
705	548356
830	503369
980	547569
776	661921
898	335871
1028	643120
802	388671
975	431795
1073	677021
1287	539242
1148	804366
972	555294
1139	613278
937	657441
949	651234
732	343785
1068	659137
893	361433
1157	586755
918	645120
855	512213
870	578075
900	415743
963	638178
792	516887
847	625721
1158	599124
938	573087
907	767643
843	488328
1114	503584
1298	848253
989	527253
1208	604553
869	803200
885	640533
1122	469314
1203	756999
1033	672233
1104	508548
964	660890
1096	588180
939	363807
872	471459
1240	1061228
909	413610
954	375178
848	505643
968	587109
977	550233
908	391576
1055	780650
940	353080
1197	718167
901	718842
1023	847138
1207	664305
1099	464926
906	437515
1066	664832
1110	642997
909	647021
1129	601406
1023	520584
719	407876
1043	626740
1080	922149
989	570282
1081	545837
791	459688
1061	406874
1197	1075841
1058	1001746
1070	957566
1133	875205
859	631553
1060	418000
980	477054
801	358216
1134	486534
1020	645431
1011	582983
881	692783
1095	978305
846	576150
1028	618972
848	414800
1060	415687
1212	558303
1129	924300
993	534257
1293	728539
1143	888037
877	436730
879	449931
927	497953
910	521070
700	433335
757	519421
1023	483118
1113	899834
939	634452
999	683117
891	545455
993	670456
1106	783858
1005	615847
794	567953
1097	672080
688	391652
793	423277
1109	860542
1089	748358
1151	731501
1053	526047
954	376722
1048	634132
943	361607
877	378689
999	669724
1215	683125
870	672365
1074	543986
1136	740886
989	831006
1172	792277
717	493776
788	472386
1027	573793
883	661798
939	789734
1159	595219
969	430670
997	428355
1175	867539
1009	546762
1067	551592
897	562392
1044	774278
947	518384
935	636505
904	331572
1079	838902
1100	429398
1044	838258
1005	519721
1203	660583
1080	645368
904	661354
857	482467
1156	894289
925	578099
1033	631716
1062	710064
992	669351
857	628530
1009	430838
1182	700110
959	664509
1036	530928
993	664834
947	833191
883	727194
976	538011
767	495513
905	390185
1021	580696
1032	688967
1128	613804
929	604403
884	496149
1105	495022
1073	644365
834	410099
969	555821
1007	515052
1019	767821
964	699136
925	719785
918	556228
1074	839012
1167	541323
996	682396
813	576199
1010	495088
1044	693043
1163	663509
1054	692403
1031	901684
1086	423354
1014	542611
1124	933087
874	557978
1221	961561
1187	697763
960	464434
892	553276
1034	809270
996	578671
964	634607
1056	700441
997	672445
1208	858970
910	490717
969	482697
974	491941
1216	1060307
1109	590463
844	374146
1059	780096
1116	1067194
1137	743415
1167	960666
1098	707674
841	445135
937	692723
1163	554006
792	681734
1102	636309
1166	501645
1077	725825
1067	804155
1044	789152
866	670816
1087	576268
1111	543181
1081	715734
1099	653838
1001	472922
1093	492628
970	563368
975	507282
940	396447
1094	594870
874	579684
695	499656
902	647115
1094	734564
767	447567
830	687222
950	590881
844	436158
1152	743792
972	828446
1085	902481
1174	712223
851	456509
1081	854044
1028	613863
1239	832638
1161	789124
1142	862562
899	731829
969	812145
988	490189
1070	715794
876	647305
909	546040
1091	731976
922	584123
898	491926
944	559594
1012	473531
1102	372723
722	422774
971	767598
979	441090
951	561153
1140	893423
805	442174
972	728337
815	610269
1005	607424
1154	504376
953	605845
955	778863
800	554951
1291	657504
807	476139
937	551958
1090	883058
1103	843785
957	456751
804	543910
846	582728
951	537709
1000	590667
1054	869289
820	319525
1198	825294
988	611802
801	338473
1021	760450
1190	547307
1038	856472
1021	846139
936	585337
1023	658701
1083	457956
958	585230
1073	465164
987	528218
970	770772
780	393481
1136	571004
850	505943
1095	525570
1141	407735
750	619321
1148	761729
1017	671064
767	498337
1192	658751
1017	729340
1023	711253
1170	475177
744	460203
1069	710317
1161	883231
941	619226
942	590775
1106	673344
1109	702196
1011	466809
1140	714544
943	571971
814	404882
1073	407952
1004	759439
884	588088
1012	658784
931	669543
835	334614
935	412245
1106	510344
1064	529926
971	468335
984	611209
848	634131
926	498240
751	642732
1083	607180
991	731318
931	470578
891	477456
1168	514741
791	435317
936	544040
1115	779969
1157	873849
1066	839786
821	538243
926	472588
893	579884
847	560896
1137	673397
1112	731932
809	440453
1049	636918
1024	699603
967	791768
1070	909253
1018	569120
1113	958978
1118	508134
1034	769860
997	869665
908	571723
1048	589528
921	441806
1131	389598
1009	643124
1232	770496
1096	637004
928	584787
1033	714819
798	504046
910	766362
1057	857915
953	440555
1037	543371
1323	753002
683	320259
1033	504470
837	331056
1124	541408
837	274432
1060	980660
981	699129
845	543089
1132	660588
877	520139
737	435848
984	652285
977	712473
922	607863
969	764867
1009	709692
880	497797
978	549083
875	506558
842	361107
1110	743634
1095	754261
1033	570790
992	502550
1117	580578
1033	680241
944	770555
1143	847671
1209	602326
984	402233
979	583109
1304	897554
1057	771300
897	511596
925	439121
1117	578859
1010	737957
1097	637225
1048	720763
932	534466
966	741789
1042	936762
959	778379
996	579530
1041	415847
943	711023
1077	641908
997	742211
803	508722
960	463581
917	427265
1267	546039
987	621627
832	559358
1005	734531
1008	611555
1122	802467
1084	559249
810	346295
1129	876213
1029	680531
1143	646683
1001	784582
996	731711
976	382280
970	678207
1010	756160
986	585133
1002	682146
945	682151
984	642212
1042	611162
1033	661950
949	781628
1259	835171
954	781268
848	606549
960	819556
1085	780368
1034	600340
1084	649735
984	518167
1000	565984
954	688482
814	463548
977	627685
863	693470
1027	506236
986	585576
777	439781
1123	507509
1050	604146
969	514368
857	523350
756	540012
936	556013
957	415292
832	440906
936	499211
1221	585788
750	447048
942	463290
914	699893
1140	974507
976	476826
898	532088
820	567608
1066	508067
1045	631805
882	370480
1011	461478
1183	743233
846	357007
1026	795923
1051	686605
926	760742
901	691998
636	337782
1158	1039798
1107	628712
968	527003
940	556332
1111	712090
1056	615822
847	482241
931	520465
1013	767174
844	384483
899	627665
892	662265
1158	796021
1096	919815
1031	620794
992	599856
1002	722660
915	807006
1088	638665
847	489024
942	639187
888	748288
943	494335
1057	851580
938	437158
945	607939
909	552961
1008	772271
835	517306
1130	423016
992	745320
974	639361
824	576329
862	408030
953	393182
1013	656695
1172	951074
908	560660
1276	333177
867	491083
1153	593917
884	568106
1087	529112
1087	724238
961	584060
1048	476180
1278	893414
1066	554736
1025	686335
997	911921
960	501331
1002	559008
1044	575511
922	793030
848	619486
1060	824464
764	567719
1084	683394
872	613960
898	465193
1106	919860
999	843982
1302	803051
981	751630
835	553066
601	375458
960	491259
1036	628647
1195	744564
1287	684889
1168	742921
1114	718581
1056	645552
886	461220
903	483078
1124	515773
624	339419
951	626178
1158	669284
965	557165
907	354090
1121	682844
870	546818
1032	389183
847	323320
1001	564163
859	582792
1074	620024
952	404376
1221	1066383
886	500885
966	762027
851	519684
1202	957690
919	753921
1030	516826
930	510665
877	504842
830	451612
983	699206
894	441244
953	568052
892	499498
819	654687
1238	718077
1183	587310
1040	619060
1177	665549
992	833788
964	767897
927	860320
995	588724
1036	909987
947	547689
1042	613535
871	694945
1195	801955
1118	751225
1195	893948
981	475759
941	768085
1038	695724
1016	621925
956	640595
978	584747
938	651628
981	591275
890	670730
1126	789117
981	561842
1001	477847
910	679715
904	478372
975	735134
1049	736510
1083	731011
847	411098
1110	648114
987	350529
980	601889
722	457677
1059	660654
1054	683789
812	221702
1038	714455
1043	750676
993	409914
988	569930
894	693251
1280	959700
801	477396
1024	949277
888	638551
988	374398
1144	520923
769	362470
1161	459279
1013	684852
1045	800467
1020	709514
897	502551
944	522251
1035	597295
881	566476
1156	720337
963	429695
1033	937017
1075	872305
889	484713
993	635852
888	399738
902	650280
1280	843911
741	557700
1168	471384
1105	626893
930	553238
1054	707617
929	435802
920	718546
975	702913
922	657116
984	723484
1148	762767
1329	1009822
1247	645636
1202	1078944
1075	588603
951	576691
922	835852
1039	689545
955	371514
905	479621
992	514343
1188	784443
1068	676061
877	569543
1119	879047
1181	932800
902	539112
1027	802295
1172	667501
1096	763044
926	521801
981	710890
1256	955382
1282	658741
1174	895712
1005	944559
1023	527404
940	601658
873	490853
979	502573
1014	635951
1077	961193
835	515853
749	458871
1008	632854
985	505265
884	465530
820	390907
891	540817
1055	777620
787	474828
1070	591843
1241	920489
940	800598
1020	552472
893	705590
1040	812016
1093	710300
987	632976
956	776396
915	647607
1108	698365
964	531257
1010	525788
1017	715578
1027	653870
1033	659898
969	555514
1015	816818
964	457340
1064	586591
995	702774
1015	629912
1011	699600
958	400753
1123	700266
1234	590661
1011	652333
1042	502100
972	408744
1004	651703
744	488127
987	546913
1171	695983
1162	737366
1016	835201
1024	1010795
842	453129
1135	747975
1096	693187
998	513696
878	547930
1041	530325
919	607695
960	566985
1185	745108
953	354384
803	455293
822	590124
1061	672207
702	532757
1110	433187
902	815582
1135	680896
922	480888
966	647285
768	581780
955	638438
1132	730553
995	503451
917	632026
998	703672
1094	720914
683	414890
1115	730618
1064	601870
1054	414510
949	567453
1242	914121
842	375837
1122	430851
937	622030
829	513795
1107	841475
1099	826162
1079	761669
956	425132
1214	836389
790	332192
1021	749285
1153	781066
931	566964
1024	426325
1133	925705
802	417260
1082	423168
1124	733571
962	749509
859	626390
1033	552740
986	562481
902	715922
1052	891906
1034	401725
1118	728635
879	409661
995	547228
1034	652320
1162	409752
1134	524542
1182	432289
885	572393
1030	306769
1227	623282
1042	642785
1072	819422
945	816045
1147	619544
941	817049
1239	770635
1025	335909
863	501074
751	339774
980	672021
1141	676057
967	363352
734	430331
961	813266
1203	913738
1144	850713
918	674055
994	547706
834	534237
1056	847270
892	736921
1143	888689
1039	579135
938	381664
1098	804949
924	782226
853	500159
947	525944
986	535888
1015	831537
872	500450
1264	664662
1004	596422
924	580569
1153	629043
937	623931
1085	462256
882	673663
1148	781962
1155	719788
1205	498805
952	746776
984	699485
1101	659150
905	704449
1038	655485
1009	384610
1033	718569
1147	819349
1102	1019741
1172	678295
886	569290
1195	783417
1006	723436
886	538474
764	256226
852	477830
933	715237
926	698651
1314	821048
881	683708
946	636251
786	406823
1039	459488
803	535826
1239	948727
967	586304
1038	563026
1127	775382
1119	804318
1109	822381
1221	721204
1096	464450
1160	767838
1004	466705
1086	630537
1076	426585
899	511149
902	587529
913	511858
1095	709970
939	697916
999	968816
1006	659998
1168	749552
982	577317
1074	512036
1193	856518
982	549989
931	657950
944	514881
991	722217
1010	692278
995	610554
1196	586388
1049	630161
882	603385
990	638251
973	657367
958	911062
1241	961790
1182	576916
976	438759
981	623991
811	341540
890	638954
1105	858937
965	856096
1066	612430
1034	721364
1111	546531
1112	579112
1061	836262
780	579980
900	582377
1176	569849
1191	581067
1034	576858
1034	752827
1136	648045
1239	436144
911	616953
1218	638585
907	755389
1213	447854
1123	774646
989	602730
902	622051
1059	752045
975	693721
1274	959549
934	411597
1049	953872
907	362561
997	742706
987	572637
753	465508
1032	664449
1010	741884
1019	596864
1073	512576
1038	722875
975	438285
975	491319
1158	1091097
1204	636902
998	823468
876	468226
999	524450
899	379665
1023	566748
950	761877
1211	778944
887	597050
1122	782670
1052	661807
936	691724
1014	654851
989	634116
1038	602138
1029	574826
1048	789301
957	590382
966	631036
794	428102
1011	440134
809	611969
966	790164
1013	721814
936	549482
1140	469375
823	654098
1001	683525
972	796891
889	513557
888	549015
823	536443
1178	403830
993	662940
1043	682963
1058	844399
1007	591427
931	534014
730	486163
814	566395
1071	576442
1204	885206
1066	415647
962	463187
860	668549
994	768815
909	466704
927	603233
1192	822217
996	522522
829	674208
1051	475350
870	412329
872	378743
874	691820
1204	992567
1147	706868
1036	679459
1195	778782
955	480795
941	695090
849	359024
1009	487443
978	541038
956	575158
1108	709654
741	403654
857	402471
1115	890612
1154	935989
1042	782190
1096	537654
1061	565507
992	510658
965	605344
850	556327
1036	573550
871	384932
1031	625720
1089	777577
942	338194
838	422766
1248	774440
982	605558
1212	809340
1160	722483
1168	746736
1114	558279
968	495940
802	609556
1333	983009
1065	821387
907	424237
950	533990
1141	737607
884	595450
1257	716995
823	361601
1102	757667
967	695073
1086	659681
970	650134
1029	346809
1015	848241
1112	1011413
882	324884
882	712071
1014	550302
1096	715351
766	269382
1058	716055
1063	676865
1039	731986
884	457412
757	414778
1104	861641
1117	863846
1183	537059
1195	1097002
868	782396
1000	520350
955	527729
946	522621
1026	574473
901	552129
917	501591
1016	675595
678	334225
825	228791
1035	599352
903	704204
1053	712930
977	614258
1077	578714
1013	677154
1153	501115
981	602769
1073	858177
760	380399
907	680519
951	539619
1076	822539
1137	697466
785	571956
976	650815
1182	675705
1321	660117
1001	622672
850	509659
1039	680399
1095	555942
844	477033
1017	707637
988	755802
901	787017
895	456151
1173	691761
1015	429155
879	426370
989	345042
892	451623
688	547231
939	645118
914	856408
1260	640566
1128	1003982
1020	600054
1030	393335
882	457719
960	300406
1101	447129
1139	718098
1052	403954
957	574200
1188	585908
1050	694389
962	709494
909	538875
1090	850327
907	364584
1028	582780
1042	645640
1044	428390
919	832396
750	601888
1062	943459
1181	771821
1081	898752
828	522176
882	533392
939	745062
981	774018
1043	578856
794	332479
970	600140
1067	539966
932	595981
889	626129
1231	527399
989	733724
1131	719245
1181	702401
997	627468
1048	764253
1014	596270
878	597365
1165	552471
1064	717971
1088	465796
1000	675994
1098	669702
924	565726
1020	665692
1150	746573
1225	505269
1123	595884
1024	746909
1075	512481
1037	532096
916	547343
710	581626
849	536258
1155	698615
1085	541098
960	389433
982	528914
770	433881
1130	673107
1109	952588
956	705668
1101	686466
1330	631863
1033	639369
1067	335872
1016	862402
712	449846
822	525926
942	673101
956	527511
838	386563
955	778414
1053	326112
1132	779352
1176	644665
1008	609913
877	556662
949	668685
933	667914
1052	485570
1012	546756
831	502657
949	397097
929	472302
920	542681
855	563977
961	624074
783	497198
930	829332
1085	801357
801	645796
830	612933
1157	982923
1011	714952
833	550951
1181	835234
963	498543
808	384760
1063	743246
1047	606108
924	412221
1024	757711
906	488698
1217	792069
942	720471
943	710098
1113	753022
773	391143
1044	363951
1096	721585
1115	717135
1123	665434
1199	656385
1154	946220
1158	727526
1173	787246
1022	686322
904	474077
1222	778712
843	448812
1136	621916
1045	505817
975	511244
768	507002
1160	504317
979	548084
929	679890
1134	592509
992	746647
777	584556
1076	709679
1136	523237
910	550368
1127	862600
1011	634785
859	674712
1055	537229
991	675064
1304	625529
1107	870520
914	653372
1055	433422
1078	775768
1174	522123
1189	842329
906	514569
1129	779654
872	399398
1029	726737
1088	612828
1010	596554
929	660331
752	390563
1158	552013
923	505647
1093	507388
1260	440814
938	680585
771	400147
1077	800452
1244	915512
904	469019
881	658001
1108	716975
786	396996
823	590986
828	523791
1107	769770
839	404746
1160	922169
831	491653
904	452717
1111	609231
853	578935
870	709612
1018	598073
1060	558737
1066	706247
1106	501367
981	705567
708	505976
973	648297
770	544311
1309	1071021
1372	695994
1185	1024922
1196	816968
1036	421451
1001	429819
957	523611
973	670106
1061	844671
994	592708
875	353426
914	575930
1036	710561
1033	531809
764	577377
1001	448621
1122	482988
1139	782551
902	612277
910	585852
963	538835
881	730201
860	627332
942	438479
795	657728
1055	943432
812	523574
1170	836809
1060	830748
1006	412060
1114	703772
1156	702886
991	702382
1147	718210
1091	551715
1307	801233
1068	767888
955	596440
745	496592
1029	523808
853	457642
1072	772930
844	387241
900	526676
913	406649
952	673800
822	560518
1035	816863
903	557311
861	541516
1006	764346
752	365565
857	490263
869	607147
759	577135
1043	698475
1184	779668
907	666939
993	605041
1103	434771
985	419865
986	408255
1027	803894
867	641981
936	504729
782	503471
695	272392
1194	804456
1112	874910
1099	438222
896	585031
1165	723957
1006	637498
1029	320208
1216	920464
981	698181
1035	938858
1037	633766
946	298628
970	689813
776	516918
1035	915385
1149	572904
959	530283
1027	639006
1112	913527
1028	794652
987	567811
1012	780534
1134	936910
999	607535
1314	710937
1110	806259
1176	768860
945	581051
816	550089
1110	417727
926	380238
1027	744220
965	499916
1262	997962
1110	804408
975	641055
887	528951
1150	479527
1041	586328
870	545210
1120	900036
1331	686184
951	756345
1088	709413
881	570397
1036	507774
1259	915700
931	789052
1058	783768
785	454257
868	460946
1041	453760
1007	666480
804	589402
901	644634
919	397862
908	766265
903	502957
941	297669
855	578427
1144	894156
877	605977
971	580825
925	324046
1086	608369
895	436746
1042	534110
1189	469074
820	478286
923	673349
951	410900
793	497801
1093	725806
950	529524
1167	796785
898	370417
976	722061
901	419816
1001	629581
1103	735420
662	581149
1176	786493
928	596849
1079	575640
854	486140
857	627016
878	537159
1035	663375
995	537154
1046	476776
1214	811803
946	504645
1005	722838
1195	525164
996	716863
1119	616876
973	671553
1164	506545
927	455105
1049	674707
1186	589757
1095	500075
889	650626
733	353662
1152	775774
1101	496275
997	463282
875	604609
989	764226
1188	517175
902	649163
1106	730774
954	444764
929	518995
994	718185
862	382208
998	610600
1000	449500
874	473099
893	637253
1041	779233
961	600244
951	467472
1000	905632
957	514457
1080	804357
1064	690244
865	440958
968	402786
1145	449696
939	511606
924	724074
882	247447
1031	601484
936	574318
846	368396
1102	757043
1016	768703
1074	631192
1068	854518
1030	797453
1010	561200
1109	875755
1074	770270
1167	808310
934	719049
918	800921
1013	639352
901	528577
837	483650
1025	848139
1042	724127
814	636760
909	617870
1004	622403
940	820945
1133	769917
978	655616
949	649804
896	700922
934	736896
1278	1060590
1099	501388
829	491171
852	697378
871	306796
1121	772297
851	294880
1243	635912
829	518453
789	586489
1078	375553
1060	500756
942	839402
816	726882
879	427999
1086	766115
1238	895142
1161	919830
947	803998
1128	722023
940	835532
912	508224
1038	622736
1025	732467
869	303052
1374	1010813
886	558212
1156	638770
794	501715
1031	765215
805	540481
1120	871398
1161	707288
928	496096
1017	555532
878	655144
968	476240
931	515654
1113	364285
1257	838605
705	451924
861	463572
972	746849
960	576753
931	814051
1009	533671
1103	754773
1014	944806
1063	587344
880	721368
1098	700135
1014	606663
851	681930
1307	807564
1230	778139
1176	454446
998	569784
921	623004
705	512071
1076	442409
939	554100
1038	589880
965	621039
889	513820
1029	638587
1145	748704
817	555665
1034	545674
958	676336
1031	489248
909	636260
1112	922729
1064	455137
1072	842129
893	310848
1169	588803
1032	590447
745	454026
1057	454596
988	701924
773	519533
998	682426
903	569441
1129	810046
1020	473624
976	393133
1032	710405
1021	741907
1140	421269
1030	481127
1003	675529
1064	691619
1122	863759
1212	683541
822	527981
987	700305
919	592514
976	674160
1127	814511
994	658836
873	382149
904	486044
952	679414
1026	404305
967	531922
947	810000
854	439496
945	479705
1011	795550
1049	631110
849	580903
1004	599532
759	459554
973	537601
1051	757529
760	557470
1031	636734
1071	696650
872	652463
841	432621
944	618459
1127	533257
968	619631
918	725893
1048	688980
855	645335
1178	784387
1098	720809
781	394311
878	473924
998	326012
912	426472
1247	583999
983	573931
1221	846229
803	735720
1264	600916
984	654160
984	504195
941	590202
753	573984
1206	726273
1035	793790
902	561301
1126	504003
995	523416
1209	842201
1121	700767
1174	812918
810	602591
927	739636
931	376332
1151	576107
803	385257
1015	868220
882	420192
1103	829346
1228	475150
1047	627986
970	790811
1174	521523
1043	727987
910	510952
918	317966
1240	687590
1131	977388
971	491857
850	528852
944	629009
835	593140
1265	952860
1022	583621
995	696315
857	636297
781	506631
1059	750971
837	508337
801	453646
930	505427
889	555406
852	664217
951	538078
991	818604
896	682000
1111	793284
1185	791052
1076	754934
712	560287
1017	661864
888	392213
968	443610
975	615805
1091	689212
933	464600
937	724023
929	634175
906	430842
920	540473
917	508916
943	537853
926	660100
944	728403
1136	593121
875	265857
1015	896385
1133	642180
1044	506584
961	518815
1224	713047
662	438374
1007	520779
1110	635210
973	466822
855	541368
1248	518044
949	578665
1047	781094
983	511003
1058	886870
1111	840037
967	649844
1097	720874
1109	857552
972	808090
840	603580
1176	879879
900	533782
759	412304
1036	778216
838	580431
1068	622081
999	648238
1280	649790
997	835807
1134	996849
1038	663084
831	560053
1078	1085718
721	634542
798	570317
807	454980
964	733992
1079	592835
1060	546683
886	575803
884	456469
974	663407
1124	604447
1196	755192
1099	819145
1112	656578
991	446724
864	624836
880	678939
1241	901673
849	541435
1021	688138
1043	636260
1124	533703
1095	890231
1148	759599
789	414304
1007	532920
819	506049
1096	938397
1131	665952
1070	933780
1076	854431
910	749967
1265	780015
1155	736486
959	517400
1217	330651
1173	877982
1269	981985
1059	868316
1051	539723
1239	840323
1011	720919
915	778479
1064	577721
804	486971
972	554513
1119	504585
1017	664387
1004	736429
1071	506943
1175	818734
947	396228
1050	570158
965	598465
994	502870
1015	641170
1213	800636
1072	661623
1146	812262
916	501712
1040	523867
840	693761
1010	620219
851	633139
1106	625143
893	759295
1121	799609
896	661353
983	670180
961	361003
1103	788794
1079	656408
1022	714715
1030	843260
1072	843710
1173	816518
955	495190
752	505685
1040	973872
1114	817002
1057	535222
921	507241
1006	656978
981	682693
1013	612170
1017	393084
1235	720248
591	437524
983	879894
1032	804569
1035	500635
1069	554937
887	607783
1067	796370
1021	434076
985	547638
1076	612036
1052	457734
894	600120
811	430444
992	663398
1120	604388
869	475543
1057	390323
1125	356200
905	521765
1062	772790
1015	552564
867	530355
1061	679186
993	472655
1045	807987
1217	672993
969	620790
921	681262
986	510814
812	556537
878	697423
1053	733221
866	516220
1041	574396
804	340075
1098	576913
988	939623
920	603552
1069	480560
1010	734170
992	593733
993	665090
900	497568
938	613568
871	526410
1223	1059646
1284	1040838
911	559827
887	560857
988	787258
1206	915507
1140	694215
1070	800706
1098	614877
870	453502
1095	764100
985	519078
970	605559
684	463948
751	649637
990	696697
1172	750789
1202	812719
889	483591
1028	833156
1131	736904
1177	896082
1266	905223
1091	729973
988	675144
1131	752823
1116	622150
1035	654918
1201	766221
919	619852
933	439725
1022	711333
982	575120
1189	782099
1085	520901
1048	574176
1027	591698
955	409443
965	412747
820	377116
1080	889927
1005	470501
903	420242
980	576409
1026	720966
846	698279
779	515991
1170	465961
1021	681118
802	583188
954	410424
1198	841027
890	450400
970	653148
811	433330
1013	519852
919	506692
889	515455
878	413161
1088	818724
1249	795568
1035	825626
923	442465
1205	715964
845	315554
950	769333
1072	792320
1029	596394
932	488085
935	684909
913	362507
946	554018
1074	980469
934	506302
1021	816942
1012	649443
1055	898189
1190	530578
1084	615580
1121	793514
820	419472
1104	741262
1245	706497
1034	453703
956	777434
1142	838267
1327	1014713
1025	686325
1256	947664
944	741493
1063	360590
1086	707363
1081	710909
1082	805624
999	539749
1095	611755
1062	541738
1017	605654
835	550656
1019	688049
884	810416
880	456353
997	594600
1137	449081
885	515034
834	659984
951	517692
775	546215
937	584519
948	681853
690	300365
1035	623711
1221	701549
1075	816204
910	550711
1171	590328
1272	949448
1013	774577
982	608707
1102	766721
1049	645377
1016	708558
1195	790596
1298	565682
1118	681125
1024	505776
885	309757
914	523387
791	470671
874	554456
1172	583077
994	491510
1357	843907
1076	583009
1040	486061
1076	683903
994	368350
1132	864998
1143	959217
936	353920
913	287538
802	397260
899	743522
1008	873303
1060	437954
1003	727273
906	677013
1041	793944
1048	502788
1253	1050616
1066	582343
1051	640493
920	516102
1090	510078
1158	565328
1211	774002
986	592135
1163	513890
964	813347
993	695547
982	889912
956	472298
1084	670702
774	500142
870	556190
965	672269
1078	465334
991	533866
1072	743014
1104	650063
994	807738
1173	590189
875	563322
910	602941
878	705327
829	305555
907	522777
998	674812
920	470832
1017	751937
1095	532869
1011	578670
1123	568471
971	474893
983	454651
1001	610364
1146	508408
951	753272
903	283939
1032	748423
1340	1006399
1116	825240
1215	646090
1136	506753
994	578191
1083	623142
1089	617753
1178	416219
1002	840664
931	400726
909	641361
876	427224
903	599386
972	769428
831	626631
954	519795
966	558926
814	527422
1052	786837
991	502986
1011	596957
943	436210
928	482115
1148	702060
978	530117
974	730945
1029	353361
996	806339
892	513320
874	427986
890	537634
963	877695
1010	636358
831	464843
975	548530
1021	752418
1047	577712
1037	557286
1001	569000
980	666995
1095	784627
1108	717732
1126	702126
963	409511
977	710665
1131	560236
916	725119
907	563151
949	386597
1149	346974
1043	549630
975	611758
865	396480
1123	800709
1089	890824
1082	564014
1211	916706
851	305820
1218	772679
1208	795385
1025	576127
797	550484
1043	566640
997	544907
981	346822
866	421698
1115	661187
956	677977
1014	978444
956	554542
1136	728535
1032	878850
1080	711375
951	551617
961	678601
993	691574
1113	793263
976	469532
980	795563
946	481630
980	519355
921	513977
754	563892
950	772828
1042	597855
1093	805110
1259	755018
949	413907
1120	353096
900	595802
792	600784
1127	722287
1070	349763
1084	665461
1130	973943
957	609630
1171	427876
1011	499581
1247	848488
949	937183
742	647370
905	755476
889	641254
790	513730
954	531041
1059	729696
849	629603
963	562247
1056	652220
911	673387
900	475266
1064	489460
1016	420087
883	603597
986	632639
964	401541
1174	524872
1118	795691
960	596477
964	601692
1099	641690
911	666545
1200	845232
953	621829
1032	551178
1055	737280
832	513944
890	622206
672	249662
1017	831805
1249	812470
1061	556329
1222	835140
844	476197
1110	898037
932	635241
874	538858
854	305156
920	421765
884	485107
921	511206
954	449743
727	400788
905	506105
1019	542843
945	588954
979	633433
1226	811772
1081	552851
954	626532
1049	771308
917	867954
1157	807652
967	637591
1208	616113
867	410472
1051	630505
1078	408181
813	468225
817	505155
1114	960088
1171	653610
1079	710579
762	508488
1022	432302
1003	749604
940	451300
1069	595123
965	359097
976	462984
1024	672707
880	528032
1078	615142
927	483673
890	554483
847	638713
1085	808526
990	431742
1208	796203
1028	853713
1163	647327
953	593654
824	549001
1028	715953
1287	410613
1012	490911
993	340070
1009	790760
1029	976439
1124	857534
906	442378
1262	748790
746	424064
907	520768
944	653765
1184	520184
956	664227
1046	872859
1232	891381
862	633476
1095	736613
1185	707563
982	586062
932	567468
901	579295
797	576094
987	611139
855	610178
1137	627099
1120	780594
1040	505159
934	496328
1312	813008
889	395602
1019	741040
990	712265
895	381554
877	624739
1031	564842
1037	638728
882	411076
1057	558284
876	522575
1162	894187
871	591188
922	368491
869	484310
1179	569947
1040	745267
939	477416
963	540625
884	252035
783	291321
1215	833620
1101	357962
1135	1005103
1177	551456
869	786469
1004	585000
1064	755801
988	740073
1151	689307
955	597461
1149	609432
1195	680861
1033	858232
830	479214
1014	691365
915	654522
1030	888240
1112	746199
1085	836054
1222	957792
1137	629513
955	712791
1103	692338
1041	587478
776	670481
1061	500316
824	489962
870	461826
960	361881
1130	810051
897	618652
768	446357
989	657143
942	410376
860	497237
1118	511449
1221	532022
1130	748859
1112	622203
1007	745386
969	735053
1079	678800
951	713831
1006	768811
925	784980
1148	542582
1109	830387
960	753531
900	661158
1048	575789
995	657462
1194	849597
958	495456
976	592593
1050	600329
997	522608
947	650813
1141	724142
1005	411220
1150	728480
721	573729
1006	565929
929	452614
1084	622121
910	505505
976	655122
1025	721744
1052	473929
1017	484961
1108	597595
1027	538862
1015	800299
874	529410
1195	1024750
1108	741693
860	520545
788	388470
796	575964
920	527780
1033	697510
749	634088
1012	522468
1001	698796
931	642090
778	289874
918	504320
962	557570
1027	410963
854	503248
870	731989
1053	473284
1134	731146
1051	614195
968	623980
1016	605463
964	368729
772	544208
844	485485
1048	621267
810	619903
1126	699485
1032	431378
826	433846
1049	711385
837	620993
1238	764876
1256	598539
1066	776043
1116	655508
1048	518066
830	421884
869	479490
981	500874
1019	564450
804	441890
904	460392
950	569942
843	625830
956	542115
891	518272
883	752576
1066	465342
1039	373852
1031	644717
1107	626710
1008	578469
853	617111
1012	618304
885	573529
841	450698
1311	777156
918	460753
1152	809374
824	496927
765	479239
999	540577
1221	792410
752	378564
915	492960
864	526292
918	555238
1029	555222
1183	722015
1142	663703
926	516667
950	666832
921	461051
912	553468
1237	396294
1198	770943
1116	566095
1018	726555
1238	839566
1108	635155
1029	497463
1020	670953
889	501046
1062	725505
913	472953
1122	739624
871	651331
936	427368
1051	658004
907	637117
1035	604013
995	623179
998	664688
1102	875338
1026	900270
1025	842669
1210	1049624
908	786112
1013	630385
932	756645
1012	705660
1068	507117
991	495627
1130	885573
1358	626062
1086	612018
921	359795
766	491565
971	618970
1151	748724
1102	448630
936	793064
995	723661
809	780953
1138	605090
838	511673
1091	546525
1102	455964
1058	720359
881	705538
810	560270
966	599710
1024	927987
828	562929
923	660464
1059	587710
1038	504291
1080	671011
899	526975
1015	502128
982	323240
1024	881926
993	710214
842	395636
911	404042
928	564646
1160	772433
945	478832
1051	658013
892	579514
816	430869
1009	633053
1017	759124
922	758876
1081	689350
1265	560602
1124	828458
881	661354
1051	743335
1003	785548
1073	859322
1184	856971
1064	525784
851	408247
1068	416459
1094	766780
1072	1023372
1005	626308
878	532572
1039	830307
1123	684243
1175	875389
953	368279
986	660632
971	727114
1037	798533
1055	571306
1063	672147
884	383366
1079	865288
1199	1028317
1177	819480
1071	890969
1134	714679
881	529841
849	626970
1051	666294
1089	631735
1101	707425
808	442827
968	675407
782	574164
1104	694050
972	459813
983	560329
1108	425842
1123	681363
962	759780
993	705505
991	698275
768	303298
1013	657727
964	672434
1046	713948
1153	500007
1156	1023376
987	428388
906	740480
926	865451
1087	667722
784	544829
938	763386
1048	513150
963	570707
807	389590
1014	662230
786	466986
973	675043
1050	835137
1084	827662
1067	737125
999	476964
969	475087
951	551411
889	614658
959	462243
1143	702708
992	618903
1030	691330
762	451279
838	538707
1063	757035
1154	875677
1109	826882
1012	471286
1045	720659
949	533470
1057	1011428
1029	469551
1327	1019919
996	611981
441	309425